PSO最適化進捗ログ
開始時刻: 2025/08/03 13:21:23
粒子数: 15, 反復回数: 10
--------------------------------------------------------------------------------------------------------------------------------------------
反復	gbest値	pbest平均	pbest標準偏差	安全率	建設コスト[円/m²]	CO2排出量[kg-CO2/m²]	快適性スコア	施工性スコア
--------------------------------------------------------------------------------------------------------------------------------------------
0	536379.08	825032.37	159773.71
1	5.3638e+05	7.2135e+05	8.0358e+04	2.239	539494.50	1041.33	5.897	6.327
2	5.3520e+05	6.4038e+05	7.0113e+04	2.217	535204.46	1033.13	5.916	6.355
3	5.0370e+05	5.7176e+05	5.8795e+04	2.622	503701.95	898.32	6.115	6.808
4	4.2882e+05	5.0279e+05	4.1972e+04	2.836	428817.96	706.65	5.563	6.991
5	4.0090e+05	4.5025e+05	3.1391e+04	2.020	400903.85	551.25	5.671	6.781
6	4.0090e+05	4.4195e+05	2.6392e+04	1.831	395811.34	610.82	5.719	6.757
7	3.9964e+05	4.2443e+05	2.0544e+04	2.200	399637.01	623.36	5.765	7.620
8	3.6990e+05	4.0137e+05	2.4872e+04	2.004	369899.91	543.77	5.826	6.922
9	3.6990e+05	3.9806e+05	2.1189e+04	1.808	371807.79	556.36	5.765	7.116
10	3.6990e+05	3.9598e+05	1.7615e+04	2.146	376122.20	554.24	5.927	6.917
